Dijon 47,316667 5,016667
Genlis 47,233333 5,216667
Is-sur-Til 47,516667 5,100000
Ahuy 47,366667 5,033333
Auxonne 47,200000 5,383333
Semur-en-A 47,490000 4,330000
Alise-Sain 47,533333 4,483333
Marsannay- 47,266667 4,983333
Losne 47,100000 5,266667
Meursault 46,983333 4,766667
Beaune 47,033333 4,833333
Saulieu 47,266667 4,233333
Chamboeuf 47,233333 4,900000
Arnay-le-D 47,133333 4,483333
Talant 47,316667 5,000000
Seurre 47,000000 5,150000
Selongey 47,583333 5,166667
Pontailler 47,300000 5,416667
Leuglay 47,816667 4,800000
Chenove 47,283333 5,000000
Mirebeau-s 47,400000 5,316667
Pouilly-en 47,266667 4,550000
Laignes 47,833333 4,366667
Vitteaux 47,400000 4,533333
Bligny-sur 47,100000 4,666667
Prenois 47,383333 4,900000
Savigny-le 47,433333 5,050000
Curtil-Sai 47,450000 4,933333
Epagny 47,450000 5,066667
Marsannay- 47,433333 5,100000
Saussy 47,466667 4,950000
Aisy-sous- 47,400000 4,283333
Bierre-les 47,416667 4,300000
Braux 47,416667 4,433333
Brianny 47,416667 4,366667
Clamerey 47,383333 4,433333
Dompierre- 47,400000 4,233333
Fontangy 47,350000 4,350000
Marcigny-s 47,400000 4,383333
Montigny-S 47,416667 4,266667
Nan-sous-T 47,383333 4,350000
Noidan 47,350000 4,416667
Normier 47,366667 4,433333
Précy-sous 47,383333 4,316667
Roilly 47,416667 4,350000
Vic-sous-T 47,366667 4,316667
Aisey-sur- 47,750000 4,583333
Vix 47,900000 4,550000
Fleurey-su 47,316667 4,850000
Aloxe-Cort 47,066667 4,866667
Baigneux-l 47,600000 4,633333
Brazey-en- 47,133333 5,216667
Saint-Juli 47,400000 5,133333
Montbard 47,616667 4,333333
Blaisy-Bas 47,366667 4,733333
Arc-sur-Ti 47,333333 5,183333
Salives 47,616667 4,900000
Santenay 46,916667 4,683333
Longvic 47,283333 5,066667
Pommard 47,016667 4,783333
Vougeot 47,166667 4,966667
Arcenant 47,133333 4,850000
Nuits-Sain 47,133333 4,950000
Quetigny 47,316667 5,116667
Saint-Apol 47,333333 5,083333
Saulon-la- 47,216667 5,083333